Start,arrivals,departures,net
"Abbey Orchard Street, Westminster",20628,16523,4105
"Aberdeen Place, St. John's Wood",4394,6052,-1658
"Aberfeldy Street, Poplar",2020,2053,-33
"Abingdon Green, Westminster",22636,18443,4193
"Abingdon Villas, Kensington",7390,7582,-192
"Abyssinia Close, Clapham Junction",5703,5483,220
"Ada Street, Hackney Central",15651,15480,171
"Addison Road, Holland Park",4465,4552,-87
"Albany Street, The Regent's Park",9247,11406,-2159
"Albert Bridge Road, Battersea Park",13228,13630,-402
"Albert Embankment, Vauxhall",9465,10345,-880
"Albert Gate, Hyde Park",54602,53893,709
"Albert Square, Stockwell",9255,10435,-1180
"Alderney Street, Pimlico",13243,14441,-1198
"Aldersgate Street, Barbican",25519,24863,656
"Alfred Place, Bloomsbury",16821,16465,356
"Alfreda Street, Battersea Park",8666,8735,-69
"All Saints Church, Portobello",17786,18245,-459
"All Saints' Road, Portobello",5223,5509,-286
"Allington Street, Victoria",34124,33849,275
"Ampton Street , Clerkenwell",8241,9578,-1337
"Ansell House, Stepney",13535,14825,-1290
"Aquatic Centre, Queen Elizabeth Olympic Park",40786,40522,264
"Archbishop's Park, Waterloo",7717,7260,457
"Argyll Road, Kensington",8278,8341,-63
"Arlington Road, Camden Town",9619,9652,-33
"Arundel Street, Temple",8691,8155,536
"Ashley Crescent, Battersea",7641,8015,-374
"Ashley Place, Victoria",26943,25314,1629
"Ashmole Estate, Oval",8542,9389,-847
"Aston Street, Stepney",5718,6265,-547
"Austin Road, Battersea Park",11214,11883,-669
"BBC White City, White City",8312,7696,616
"Baker Street, Marylebone",12812,12808,4
"Baldwin Street, St. Luke's",13540,13396,144
"Bancroft Road, Bethnal Green",7085,8017,-932
"Bank of England Museum, Bank",27074,25014,2060
"Bankside Mix, Bankside",26624,23307,3317
"Barbican Centre, Barbican",12201,11855,346
"Bath Street, St. Luke's",21486,21062,424
"Battersea Church Road, Battersea",9509,10248,-739
"Battersea Park Road, Nine Elms",10330,11114,-784
"Battersea Power Station, Battersea Park",22770,24122,-1352
"Bayley Street , Bloomsbury",20074,18208,1866
"Baylis Road, Waterloo",29620,28403,1217
"Beaumont Street, Marylebone",10870,11151,-281
"Bedford Way, Bloomsbury",8841,9142,-301
"Belford House, Haggerston",5306,7260,-1954
"Belgrave Road, Victoria",18319,18226,93
"Belgrave Square, Belgravia",6978,7138,-160
"Belgrove Street , King's Cross",83472,84254,-782
"Bell Lane, Liverpool Street",13221,12542,679
"Bell Street , Marylebone",10159,10877,-718
"Belvedere Road 1, South Bank",20439,18032,2407
"Belvedere Road 2, South Bank",13924,13058,866
"Bermondsey Street, Bermondsey",19780,20128,-348
"Berry Street, Clerkenwell",22721,21377,1344
"Beryl Road, Hammersmith",8123,8389,-266
"Bethnal Green Garden, Bethnal Green",11540,12462,-922
"Bethnal Green Road, Shoreditch",40531,40030,501
"Bevington Road West, North Kensington",11209,11439,-230
"Binfield Road, Stockwell",17410,17289,121
"Birkenhead Street, King's Cross",17977,17420,557
"Bishop's Bridge Road East, Bayswater",5999,7115,-1116
"Bishop's Bridge Road West, Bayswater",15865,16468,-603
"Black Lion Gate, Kensington Gardens",53005,52978,27
"Black Prince Road, Vauxhall",12687,13266,-579
"Blackfriars Road, Southwark",14645,14029,616
"Blenheim Crescent, Ladbroke Grove",10469,10654,-185
"Bolsover Street, Fitzrovia",15641,16303,-662
"Bonny Street, Camden Town",14288,14682,-394
"Borough High Street, The Borough",12540,12777,-237
"Borough Road, Elephant & Castle",11563,11419,144
"Boston Place, Marylebone",18629,22603,-3974
"Bourne Street, Belgravia",9485,9388,97
"Bouverie Street, Temple",18945,16983,1962
"Bow Church Station, Bow",10769,11077,-308
"Bow Road Station, Bow",9834,10447,-613
"Braham Street, Aldgate",19960,19405,555
"Bramham Gardens, Earl's Court",13953,15109,-1156
"Breams Buildings, Holborn",10870,10549,321
"Brick Lane Market, Shoreditch",15975,15832,143
"Bricklayers Arms, Borough",16010,16501,-491
"Bridge Avenue, Hammersmith",11067,10884,183
"British Museum, Bloomsbury",19226,18853,373
"Broadcasting House, Marylebone",14813,14244,569
"Broadley Terrace, Marylebone",3272,4008,-736
"Broadwick Street, Soho",14715,14130,585
"Brook Green South, Brook Green",7500,7716,-216
"Broomhouse Lane, Parsons Green",4436,4772,-336
"Brunswick Square, Bloomsbury",12572,13072,-500
"Brushfield Street, Liverpool Street",51490,41916,9574
"Bruton Street, Mayfair",10209,10031,178
"Buckingham Gate, Westminster",18574,16327,2247
"Bunhill Row, Moorgate",22998,19885,3113
"Burdett Road, Mile End",9225,9275,-50
"Bury Place, Holborn",11768,11229,539
"Butler Place, Westminster",8922,8090,832
"Buxton Street 1, Shoreditch",5829,6712,-883
"Cadogan Gardens, Chelsea",17313,16428,885
"Cadogan Place, Knightsbridge",10579,9122,1457
"Caldwell Street, Stockwell",10632,9349,1283
"Calshot Street , King's Cross",4018,5259,-1241
"Campden Hill Road, Notting Hill",4353,5511,-1158
"Cantrell Road, Bow",2249,2205,44
"Carey Street, Holborn",5826,5505,321
"Carnegie Street, King's Cross",6176,8952,-2776
"Cartwright Gardens , Bloomsbury",13515,14843,-1328
"Castlehaven Road, Camden Town",15260,15653,-393
"Central House, Aldgate",16735,16682,53
"Cephas Street, Bethnal Green",7134,8147,-1013
"Chadwell Street, Angel",13402,15710,-2308
"Chancery Lane, Holborn",8755,8181,574
"Chapel Place, Marylebone",15219,14130,1089
"Charing Cross Hospital, Hammersmith",8827,9183,-356
"Charles II Street, West End",16896,14722,2174
"Charlotte Street, Fitzrovia",12847,12553,294
"Charlotte Terrace, Angel",6275,8488,-2213
"Cheapside, Bank",38437,36370,2067
"Chelsea Bridge, Pimlico",9165,10145,-980
"Chelsea Green, Chelsea",7927,8129,-202
"Chepstow Villas, Notting Hill",7688,9619,-1931
"Cheshire Street, Bethnal Green",6581,7517,-936
"Chesilton Road, Fulham",11749,12502,-753
"Christian Street, Whitechapel",11333,13135,-1802
"Christopher Street, Liverpool Street",16334,13618,2716
"City Road, Angel",9751,13312,-3561
"Clapham Common North Side, Clapham Common",10385,10934,-549
"Clapham Road, Lingham Street, Stockwell",5575,5718,-143
"Claremont Square, Angel",5420,8516,-3096
"Clarence Walk, Stockwell",5067,5806,-739
"Clarges Street, Mayfair",6676,6219,457
"Clarkson Street, Bethnal Green",5792,7056,-1264
"Claverton Street, Pimlico",5610,6567,-957
"Cleaver Street, Kennington",5734,6064,-330
"Clerkenwell Green, Clerkenwell",20949,20519,430
"Cleveland Gardens, Bayswater",6844,8053,-1209
"Cleveland Way, Stepney",20956,21072,-116
"Clifton Road, Maida Vale",9156,9986,-830
"Clifton Street, Shoreditch",10073,9147,926
"Clinton Road, Mile End",9070,9108,-38
"Cloudesley Road, Angel",6635,11309,-4674
"Colet Gardens, Hammersmith",1426,1388,38
"Collingham Gardens, Earl's Court",7976,8734,-758
"Colombo Street, Southwark",5080,4784,296
"Columbia Road, Shoreditch",12853,14598,-1745
"Commercial Street, Shoreditch",11730,11302,428
"Concert Hall Approach 1, South Bank",11310,10431,879
"Concert Hall Approach 2, South Bank",13464,10905,2559
"Coomer Place, West Kensington",12861,13158,-297
"Coram Street, Bloomsbury",7041,8257,-1216
"Cotton Garden Estate, Kennington",6003,6805,-802
"Courland Grove, Wandsworth Road",7256,7947,-691
"Crabtree Lane, Fulham",6905,7184,-279
"Cranmer Road, Stockwell",11875,11670,205
"Craven Street, Strand",39591,38871,720
"Crawford Street, Marylebone",12856,13205,-349
"Crinan Street, King's Cross",7288,7277,11
"Crisp Road, Hammersmith",14951,14396,555
"Cromer Street, Bloomsbury",6863,7286,-423
"Crosswall, Tower",39857,37806,2051
"Culvert Road, Battersea",4029,4401,-372
"Curlew Street, Shad Thames",22582,22112,470
"Curzon Street, Mayfair",9523,8192,1331
"Danvers Street, West Chelsea",8974,9187,-213
"De Vere Gardens, Kensington",12332,13417,-1085
"Denyer Street, Knightsbridge",7035,6563,472
"Derry Street, Kensington",26240,25780,460
"Devonshire Square, Liverpool Street",15916,15492,424
"Devonshire Terrace, Bayswater",13659,14976,-1317
"Dickens Square, Borough",4876,5438,-562
"Dock Street, Wapping",13255,13261,-6
"Doddington Grove, Kennington",10914,11476,-562
"Doric Way , Somers Town",18182,20952,-2770
"Dorothy Road, Clapham Junction",6769,7354,-585
"Dorset Square, Marylebone",15613,15128,485
"Drayton Gardens, West Chelsea",16734,16769,-35
"Drummond Street , Euston",5924,8184,-2260
"Drury Lane, Covent Garden",25451,23254,2197
"Duke Street Hill, London Bridge",45238,42341,2897
"Dunston Road , Haggerston",24507,26660,-2153
"Durant Street, Bethnal Green",10214,12068,-1854
"Eagle Wharf Road, Hoxton",25412,30410,-4998
"Earnshaw Street , Covent Garden",16540,15679,861
"East India DLR, Blackwall",5799,5160,639
"East Road, Hoxton",11106,11950,-844
"Eastbourne Mews, Paddington",13590,16080,-2490
"Eaton Square (South), Belgravia",6743,6676,67
"Eaton Square, Belgravia",6722,6841,-119
"Ebury Bridge, Pimlico",10354,11269,-915
"Eccleston Place, Victoria",24776,24279,497
"Edgware Road Station, Marylebone",9567,12009,-2442
"Eel Brook Common, Walham Green",7969,8401,-432
"Elizabeth Bridge, Victoria",19703,17562,2141
"Elysium Place, Fulham",5094,5797,-703
"Embankment (Savoy), Strand",13787,11990,1797
"Emperor's Gate, South Kensington",9508,9678,-170
"Empire Square, The Borough",12477,12442,35
"Endsleigh Gardens, Euston",21455,23214,-1759
"Erin Close, Walham Green",15850,15439,411
"Ethelburga Estate, Battersea Park",21321,21625,-304
"Euston Road, Euston",11454,12736,-1282
"Euston Square Gardens, Euston",8168,8784,-616
"Everington Street, Fulham",8078,8529,-451
"Eversholt Street , Camden Town",6652,7430,-778
"Evesham Street, Avondale",3381,3313,68
"Exhibition Road Museums, South Kensington",20015,19343,672
"Exhibition Road, Knightsbridge",33274,30364,2910
"Falcon Road, Clapham Junction",21276,20627,649
"Falkirk Street, Hoxton",7347,8108,-761
"Fanshaw Street, Hoxton",12743,14939,-2196
"Farm Street, Mayfair",6355,5630,725
"Farringdon Lane, Clerkenwell",12020,11928,92
"Farringdon Street, Holborn",8382,8337,45
"Fashion Street, Whitechapel",9342,8911,431
"Felsham Road, Putney",6375,6122,253
"Ferndale Road, Brixton. ",6620,6211,409
"Finnis Street, Bethnal Green",7857,8653,-796
"Finsbury Circus, Liverpool Street",37378,32733,4645
"Finsbury Leisure Centre, St. Luke's",25914,26135,-221
"Finsbury Library , Finsbury",9062,9811,-749
"Finsbury Square , Moorgate",23106,20381,2725
"Fire Brigade Pier, Vauxhall",13307,14731,-1424
"Flamborough Street, Limehouse",20000,20286,-286
"Flood Street, Chelsea",23111,23163,-52
"Foley Street, Fitzrovia",12585,12330,255
"Fore Street Avenue, Guildhall",9111,8106,1005
"Fore Street, Guildhall",11181,10743,438
"Fournier Street, Whitechapel",17986,17485,501
"Frampton Street, Paddington",4354,5512,-1158
"Frith Street, Soho",18047,16698,1349
"Fulham Broadway, Walham Green",29121,28992,129
"Furze Green, Bow",9322,9827,-505
"Garnet Street, Shadwell",9452,10066,-614
"Gaywood  Street, Elephant & Castle",9319,9758,-439
"George Place Mews, Marylebone",10695,10722,-27
"George Street, Marylebone",16196,14660,1536
"Geraldine Street, Elephant & Castle",3286,3636,-350
"Globe Town Market, Bethnal Green",11528,12229,-701
"Gloucester Avenue, Camden Town",10865,11795,-930
"Gloucester Road (North), Kensington",12762,12608,154
"Gloucester Road Station, South Kensington",24650,24753,-103
"Gloucester Street, Pimlico",11594,12616,-1022
"Gloucester Terrace, Bayswater",8139,9028,-889
"Godliman Street, St. Paul's",25832,23270,2562
"Golden Lane, Barbican",12937,12494,443
"Golden Square, Soho",16790,15707,1083
"Goldsmith's Row, Haggerston",13200,15117,-1917
"Good's Way, King's Cross",22307,22332,-25
"Gower Place , Euston",10125,10908,-783
"Grafton Street, Mayfair",8933,7457,1476
"Graham Street, Angel",17522,20364,-2842
"Granby Street, Shoreditch",15839,16580,-741
"Grant Road East, Clapham Junction",13254,12888,366
"Great Dover Street, The Borough",10475,11326,-851
"Great Marlborough Street, Soho",26420,23135,3285
"Great Percy Street, Clerkenwell",10593,11340,-747
"Great Russell Street, Bloomsbury",15252,14664,588
"Great Suffolk Street, The Borough",11469,12066,-597
"Great Titchfield Street, Fitzrovia",12256,12043,213
"Great Tower Street, Monument",35675,32783,2892
"Green Park Station, Mayfair",30692,29534,1158
"Green Street, Mayfair",19436,19207,229
"Greenland Road, Camden Town",17031,16135,896
"Greycoat Street , Westminster",5891,5797,94
"Greyhound Road, Hammersmith",10781,11141,-360
"Grosvenor Crescent, Belgravia",5322,5442,-120
"Grosvenor Road, Pimlico",6746,8063,-1317
"Grosvenor Square, Mayfair",13843,12036,1807
"Grove End Road, St. John's Wood",8044,9346,-1302
"Guildhouse Street, Victoria",8690,8801,-111
"Guilford Street , Bloomsbury",15381,15293,88
"Haggerston Road, Haggerston",13902,14510,-608
"Halford Road, West Kensington",10651,10928,-277
"Hammersmith Road, Hammersmith",12926,12952,-26
"Hammersmith Town Hall, Hammersmith",4215,3699,516
"Hampstead Road, Euston",12569,15436,-2867
"Hampton Street, Walworth",11326,11897,-571
"Handyside Street, King's Cross",10839,11733,-894
"Harcourt Terrace, West Brompton",10722,11415,-693
"Hardwick Street, Clerkenwell",4915,7384,-2469
"Harford Street, Mile End",6673,7276,-603
"Harper Road, The Borough",8167,7706,461
"Harriet Street, Knightsbridge",15167,14480,687
"Harrington Square 1, Camden Town",3614,4439,-825
"Harrington Square 2, Camden Town",9613,10661,-1048
"Harrowby Street, Marylebone",6720,7433,-713
"Hartington Road, Stockwell",11645,11968,-323
"Hatton Garden, Holborn",15895,17043,-1148
"Hatton Wall, Holborn",21835,21160,675
"Hawley Crescent, Camden Town",5925,5939,-14
"Heath Road, Battersea",4387,4725,-338
"Hereford Road, Bayswater",10524,11466,-942
"Hertford Road, De Beauvoir Town",13459,15182,-1723
"Hewison Street, Old Ford",7945,8144,-199
"Hibbert Street, Battersea",9804,9782,22
"High Holborn , Covent Garden",12806,12258,548
"Hinde Street, Marylebone",15384,14875,509
"Holborn Circus, Holborn",53028,36953,16075
"Holden Street, Battersea",3775,4215,-440
"Holland Park, Kensington",6205,7761,-1556
"Hollybush Gardens, Bethnal Green",7682,7862,-180
"Holy Trinity Brompton, Knightsbridge",12566,11264,1302
"Hop Exchange, The Borough",63174,46244,16930
"Horseferry Road, Westminster",15628,14927,701
"Hortensia Road, West Brompton",9454,9805,-351
"Houghton Street, Strand",6511,6460,51
"Houndsditch, Aldgate",13847,13193,654
"Howick Place, Westminster",21765,18198,3567
"Howland Street, Fitzrovia",18144,17006,1138
"Hoxton Station, Hoxton",6092,6973,-881
"Hoxton Street, Hoxton",7781,8947,-1166
"Hurlingham Park, Parsons Green",3664,3888,-224
"Hyde Park Corner, Hyde Park",70808,70311,497
"Ilchester Gardens, Bayswater",13947,15257,-1310
"Ilchester Place, Kensington",3335,3829,-494
"Imperial College, Knightsbridge",19419,18153,1266
"Imperial Road, Sands End",7840,7746,94
"Imperial Wharf Station, Sands End",18422,18235,187
"Import Dock, Canary Wharf",5691,5573,118
"Ingrave Street, Clapham Junction",2985,2844,141
"Irene Road, Parsons Green",7687,8334,-647
"Islington Green, Angel",23819,24579,-760
"Jewry Street, Aldgate",16866,16225,641
"Jubilee Gardens, South Bank",19394,16018,3376
"Jubilee Plaza, Canary Wharf",9664,9412,252
"Jubilee Street, Stepney",7392,9103,-1711
"Kennington Cross, Kennington",17634,18200,-566
"Kennington Lane Rail Bridge, Vauxhall",31847,31561,286
"Kennington Lane Tesco, Vauxhall",4428,4307,121
"Kennington Oval, Oval",10854,10836,18
"Kennington Road  , Vauxhall",9870,10894,-1024
"Kennington Road Post Office, Oval",9907,10145,-238
"Kennington Station, Kennington",9376,9464,-88
"Kensington Church Street, Kensington",12619,12835,-216
"Kensington Gore, Knightsbridge",7862,8457,-595
"Kensington Olympia Station, Olympia",6269,6668,-399
"Kensington Town Hall, Kensington",5591,5767,-176
"Killick Street, King's Cross",4674,5607,-933
"King Edward Walk, Waterloo",4447,4752,-305
"Kings Gate House, Westminster",10198,8843,1355
"Kingsway Southbound, Strand",13416,12321,1095
"Kingsway, Covent Garden",5102,5028,74
"Knaresborough Place, Earl's Court",8446,8722,-276
"Knightsbridge, Hyde Park",11167,14173,-3006
"LMU Commercial Road, Whitechapel",11604,12065,-461
"LSBU (Borough Road), Elephant & Castle",8419,8304,115
"Lambeth North Station, Waterloo",9134,9153,-19
"Lambeth Palace Road, Waterloo",24146,23868,278
"Lambeth Road, Vauxhall",7867,7888,-21
"Lancaster Drive, Blackwall",3461,3497,-36
"Lancaster Gate , Bayswater",11056,14031,-2975
"Lansdowne Road, Ladbroke Grove",11182,11211,-29
"Lansdowne Walk, Ladbroke Grove",2252,3093,-841
"Lansdowne Way Bus Garage, Stockwell",3099,3522,-423
"Lavington Street, Bankside",14441,13851,590
"Leman Street, Aldgate",26099,26085,14
"Leonard Circus , Shoreditch",27913,25380,2533
"Lexham Gardens, Kensington",10691,11324,-633
"Limburg Road, Clapham Junction",2465,2710,-245
"Limerston Street, West Chelsea",25399,25366,33
"Lincoln's Inn Fields, Holborn",10802,10149,653
"Lisson Grove, St. John's Wood",4962,5946,-984
"Little Argyll Street, West End",27736,25688,2048
"Liverpool Road (N1 Centre), Angel",15461,15535,-74
"Lollard Street, Vauxhall",11902,12953,-1051
"London Zoo Car Park, The Regent's Park",8222,8813,-591
"London Zoo,  The Regent's Park",8060,8511,-451
"Long Lane , Bermondsey",11065,11569,-504
"Longford Street, The Regent's Park",6277,7469,-1192
"Lord's, St. John's Wood",3223,4149,-926
"Lots Road, West Chelsea",8554,9133,-579
"Lower Marsh, Waterloo",12854,12476,378
"Lower Thames Street, Monument",9860,9607,253
"Macclesfield Rd, St Lukes",9928,12834,-2906
"Maclise Road, Olympia",11192,11513,-321
"Maida Vale, Maida Vale",10009,10090,-81
"Malet Street, Bloomsbury",24566,24499,67
"Manresa Road, Chelsea",10578,10524,54
"Margery Street, Clerkenwell",9151,9830,-679
"Marloes Road, Kensington",5143,5529,-386
"Marylebone Lane, Marylebone",17844,16970,874
"Mexfield Road, East Putney",2466,2769,-303
"Michael Road, Walham Green",8124,8326,-202
"Millbank Tower, Pimlico",17345,16965,380
"Millennium Hotel, Mayfair",8056,7137,919
"Milroy Walk, South Bank",18232,17683,549
"Montpelier Street, Knightsbridge",16966,16060,906
"Montserrat Road , Putney",5167,4327,840
"Monument Street, Monument",23316,21235,2081
"Moor Street, Soho",24055,22673,1382
"Moorfields, Moorgate",29137,26972,2165
"Morie Street, Wandsworth",2500,2238,262
"Mostyn Grove, Bow",6964,7596,-632
"Murray Grove , Hoxton",6056,7431,-1375
"Museum of London, Barbican",18776,18707,69
"Nantes Close, Wandsworth",3942,4087,-145
"Napier Avenue, Millwall",4321,4263,58
"Natural History Museum, South Kensington",15891,15068,823
"Nesham Street, Wapping",27724,27887,-163
"Neville Gill Close, Wandsworth",6008,5686,322
"New Cavendish Street, Marylebone",14233,13808,425
"New Fetter Lane, Holborn",17035,17249,-214
"New Globe Walk, Bankside",13554,13343,211
"New Kent Road, The Borough",9261,9734,-473
"New North Road 1, Hoxton",2525,4515,-1990
"New North Road 2, Hoxton",4206,4947,-741
"New Road 1 , Whitechapel",17515,17402,113
"New Spring Gardens Walk, Vauxhall",9576,8097,1479
"Newgate Street , St. Paul's",38519,33735,4784
"Newton Street, Covent Garden",9581,9154,427
"Normand Park, West Kensington",14831,15157,-326
"Normandy Road, Stockwell",8047,8023,24
"North Wharf Road, Paddington",11585,12643,-1058
"Northdown Street, King's Cross",8416,9109,-693
"Northington Street , Holborn",16486,16389,97
"Northumberland Avenue, Strand",24739,20241,4498
"Norton Folgate, Liverpool Street",18434,15294,3140
"Notting Hill Gate Station, Notting Hill",20005,24365,-4360
"Nutford Place, Marylebone",7231,7860,-629
"Old Brompton Road, South Kensington",13136,13808,-672
"Old Ford Road, Bethnal Green",11091,12101,-1010
"Old Montague Street, Whitechapel",11466,11694,-228
"Old Quebec Street, Marylebone",25903,25492,411
"Old Street Station, St. Luke's",29713,28723,990
"Olympia Way, Olympia",7479,7869,-390
"One Tower Bridge, Bermondsey",8368,8318,50
"Ontario Street, Elephant & Castle",15690,15562,128
"Orbel Street, Battersea",7100,7872,-772
"Ormonde Gate, Chelsea",9847,9914,-67
"Orsett Terrace, Bayswater",3220,3953,-733
"Osiers Road, Wandsworth",8213,8444,-231
"Ossulston Street, Somers Town",13899,14515,-616
"Oval Way, Vauxhall",3666,3324,342
"Paddington Green Police Station, Paddington",4560,5591,-1031
"Paddington Green, Paddington",2402,3045,-643
"Paddington Street, Marylebone",10400,10441,-41
"Page Street, Westminster",18740,17775,965
"Palace Gardens Terrace, Notting Hill",12742,15281,-2539
"Palace Gate, Kensington Gardens",32274,32475,-201
"Palissy Street, Shoreditch",7585,8799,-1214
"Pall Mall East, West End",18374,15041,3333
"Pancras Road, King's Cross",8021,8313,-292
"Panton Street, West End",19975,18317,1658
"Park Lane , Hyde Park",34294,34351,-57
"Park Lane, Mayfair",9522,9590,-68
"Park Road (Baker Street), The Regent's Park",14032,14619,-587
"Park Street, Bankside",8162,7718,444
"Parkway, Camden Town",10206,8885,1321
"Parson's Green , Parson's Green",17227,17656,-429
"Pembridge Villas, Notting Hill",7847,8938,-1091
"Penfold Street, Marylebone",4097,4827,-730
"Penywern Road, Earl's Court",13872,14504,-632
"Percival Street, Finsbury",10344,11333,-989
"Peterborough Road, Sands End",4749,5335,-586
"Phene Street, Chelsea",11227,11670,-443
"Phillimore Gardens, Kensington",15741,15270,471
"Philpot Street, Whitechapel",10751,11774,-1023
"Pindar Street, Liverpool Street",20188,19122,1066
"Pitfield Street Central, Hoxton",8325,10705,-2380
"Pitfield Street North,Hoxton",14275,16411,-2136
"Plough Terrace, Clapham Junction",4456,4958,-502
"Pont Street, Knightsbridge",12380,11827,553
"Porchester Place, Paddington",16263,17054,-791
"Portland Place, Marylebone",12278,12317,-39
"Portman Square, Marylebone",11589,10949,640
"Pott Street, Bethnal Green",15014,15485,-471
"Poured Lines, Bankside",11454,11045,409
"Prince Albert Road, The Regent's Park",11590,12334,-744
"Prince Consort Road, Knightsbridge",9741,9166,575
"Prince of Wales Drive, Battersea Park",9867,10465,-598
"Princedale Road , Holland Park",5930,6188,-258
"Princes Square, Bayswater",6024,6929,-905
"Pritchard's Road, Bethnal Green",18956,20328,-1372
"Putney Bridge Station, Fulham",10000,10071,-71
"Putney Rail Station, Putney",4983,4924,59
"Queen Mary's, Mile End",12283,12844,-561
"Queen Mother Sports Centre, Victoria",17375,16293,1082
"Queen Street 1, Bank",37161,35939,1222
"Queen Street 2, Bank",34722,27154,7568
"Queen Victoria Street, St. Paul's",21429,19752,1677
"Queen's Gate (Central), South Kensington",11069,10930,139
"Queen's Gate (North), Kensington",14000,14290,-290
"Queen's Gate (South), South Kensington",10908,11098,-190
"Queen's Gate, Kensington Gardens",26658,26768,-110
"Queensdale Road, Shepherd's Bush",3490,3383,107
"Ram Street, Wandsworth",11502,11184,318
"Rampayne Street, Pimlico",14396,15209,-813
"Ranelagh Gardens, Fulham",5127,5093,34
"Rathbone Street, Fitzrovia",10707,10449,258
"Ravenscourt Park Station, Hammersmith",9610,9123,487
"Reardon Street, Wapping",10814,11336,-522
"Red Lion Square, Holborn",8983,8986,-3
"Red Lion Street, Holborn",22647,22524,123
"Regency Street, Westminster",9674,10329,-655
"Regent's Row , Haggerston ",35233,36074,-841
"Richmond Way, Shepherd's Bush",9240,9130,110
"Rifle Place, Avondale",4422,4326,96
"Risinghill Street, Angel",4062,7186,-3124
"River Street , Clerkenwell",5206,7633,-2427
"Riverlight North, Nine Elms",14995,15302,-307
"Riverlight South, Nine Elms",12218,13256,-1038
"Rochester Row, Westminster",10017,8718,1299
"Rodney Road , Walworth",11272,12134,-862
"Roscoe Street, St. Luke's",11592,11389,203
"Rossmore Road, Marylebone",3882,4677,-795
"Royal Avenue 1, Chelsea",7603,7288,315
"Royal Avenue 2, Chelsea",13212,12897,315
"Royal College Street, Camden Town",7989,9367,-1378
"Royal London Hospital, Whitechapel",25093,25198,-105
"Russell Square Station, Bloomsbury",15171,15437,-266
"Sackville Street, Mayfair",13272,12748,524
"Sadlers Sports Centre, Finsbury",14380,14824,-444
"Sail Street, Vauxhall",8250,9306,-1056
"Salmon Lane, Limehouse",9047,9450,-403
"Saltoun Road, Brixton",10138,8318,1820
"Sancroft Street, Vauxhall",7318,8156,-838
"Sandilands Road, Walham Green",11431,11684,-253
"Santos Road, Wandsworth",1805,2083,-278
"Sardinia Street, Holborn",10904,10723,181
"Saunders Ness Road, Cubitt Town",9883,8905,978
"Scala Street, Fitzrovia",8919,8579,340
"Sea Containers, South Bank",19379,18934,445
"Sedding Street, Sloane Square",21797,20141,1656
"Selby Street, Whitechapel",4545,4768,-223
"Serpentine Car Park, Hyde Park",38043,38132,-89
"Seville Street, Knightsbridge",14273,13737,536
"Seymour Place, Marylebone",10771,11167,-396
"Shadwell Station, Shadwell",16816,17823,-1007
"Sheepcote Lane, Battersea",6435,6786,-351
"Shoreditch Court, Haggerston",9071,10158,-1087
"Shoreditch High Street, Shoreditch",28935,28771,164
"Shoreditch Park, Hoxton",13879,16321,-2442
"Shouldham Street, Marylebone",8493,9136,-643
"Sidney Road, Stockwell",6410,6860,-450
"Silverthorne Road, Battersea",7138,6901,237
"Simpson Street, Clapham Junction",12066,12084,-18
"Sirdar Road, Avondale",2750,2679,71
"Sloane Avenue, Knightsbridge",17690,17698,-8
"Smith Square, Westminster",13989,12815,1174
"Smugglers Way, Wandsworth",7045,6919,126
"Snow Hill, Farringdon",19503,19274,229
"Snowsfields, London Bridge",16524,15127,1397
"Soho Square , Soho",41297,33396,7901
"Somerset House, Strand",31726,28359,3367
"Sopwith Way, Battersea Park",14430,14212,218
"South Kensington Station, South Kensington",31537,30549,988
"South Lambeth Road, Vauxhall",12501,12335,166
"South Parade, Chelsea",6950,6779,171
"South Wharf Road, Paddington",24244,26356,-2112
"Southampton Place, Holborn",13666,13046,620
"Southampton Street, Strand",19506,17926,1580
"Southerton Road, Hammersmith",9236,8729,507
"Southwark Station 1, Southwark",10768,9934,834
"Southwark Station 2, Southwark",14189,14612,-423
"Southwark Street, Bankside",9336,9003,333
"Southwick Street, Paddington",11293,12430,-1137
"Spanish Road, Clapham Junction",1904,2645,-741
"Spindrift Avenue, Millwall",3666,3503,163
"St John's Crescent, Brixton",6347,5966,381
"St. Bride Street, Holborn",26133,21928,4205
"St. Chad's Street, King's Cross",9774,8465,1309
"St. George Street, Mayfair",13070,10728,2342
"St. George's Square, Pimlico",14316,15429,-1113
"St. James's Square, St. James's",38812,29867,8945
"St. John Street, Finsbury",6610,7595,-985
"St. John's Road, Clapham Junction",9852,8184,1668
"St. John's Wood Road, St. John's Wood",4386,6351,-1965
"St. Katharine's Way, Tower",12305,12516,-211
"St. Luke's Church, Chelsea",11155,11410,-255
"St. Martin's Street, West End",12485,11298,1187
"St. Mary & St. Michael Church, Stepney",3051,3760,-709
"St. Mary Axe, Aldgate",13356,12939,417
"St. Peter's Terrace, Fulham",13491,13841,-350
"Stamford Street, South Bank",17776,15583,2193
"Stanhope Gate, Mayfair",7675,7354,321
"Stanley Grove, Battersea",4666,5016,-350
"Star Road, West Kensington",7639,8160,-521
"Stephendale Road, Sands End",15121,15567,-446
"Stepney Green Station, Stepney",17732,17963,-231
"Stewart's Road, Wandsworth Road",4747,5223,-476
"Stockwell Roundabout, Stockwell",3815,3455,360
"Stonecutter Street, Holborn",5032,4800,232
"Storey's Gate, Westminster",43636,40143,3493
"Strand, Strand",15254,13912,1342
"Strata, Elephant & Castle",14282,14285,-3
"Sugden Road, Clapham",5087,5844,-757
"Sumner Place, South Kensington",8451,8465,-14
"Surrey Lane, Battersea",7510,7994,-484
"Sutton Street, Shadwell",11925,12904,-979
"Swan Street, The Borough",11377,12019,-642
"Tachbrook Street, Victoria",13309,13763,-454
"Tallis Street, Temple",23546,20995,2551
"Tanner Street, Bermondsey",20469,19690,779
"Tate Modern, Bankside",20488,19388,1100
"Tavistock Place, Bloomsbury",10873,12119,-1246
"Tavistock Street, Covent Garden",20108,16145,3963
"Taviton Street, Bloomsbury",14025,14217,-192
"Teversham Lane, Stockwell",4046,3793,253
"The Green Bridge, Mile End",20956,21515,-559
"The Guildhall, Guildhall",10102,9341,761
"The Tennis Courts, The Regent's Park",12026,12028,-2
"Theobald's Road , Holborn",16867,17036,-169
"Thorndike Close, West Chelsea",7571,8337,-766
"Tooley Street, Bermondsey",36288,34018,2270
"Torrens Street, Angel",11937,12379,-442
"Tower Gardens , Tower",31274,28841,2433
"Trebovir Road, Earl's Court",10197,10487,-290
"Triangle Car Park, Hyde Park",35304,35366,-62
"Turquoise Island, Notting Hill",13276,13949,-673
"Tyers Gate, Bermondsey",12313,12086,227
"Tysoe Street, Clerkenwell",18269,18710,-441
"Union Grove, Wandsworth Road",10200,10869,-669
"Union Street, The Borough",12495,12542,-47
"Upcerne Road, West Chelsea",6340,6949,-609
"Upper Bank Street, Canary Wharf",11880,11378,502
"Upper Grosvenor Street, Mayfair",4211,4697,-486
"Usk Road, Clapham Junction",6682,6923,-241
"Vauxhall Bridge , Pimlico",7574,7545,29
"Vauxhall Cross, Vauxhall",27858,27787,71
"Vauxhall Street, Vauxhall",7890,7789,101
"Vauxhall Walk, Vauxhall",9261,9221,40
"Vereker Road, West Kensington",11415,12025,-610
"Vicarage Crescent, Battersea",13782,14178,-396
"Vicarage Gate, Kensington",5158,6019,-861
"Victoria & Albert Museum, South Kensington",13305,12637,668
"Victoria Park Road, Hackney Central",18128,18462,-334
"Victory Place, Walworth",7181,8420,-1239
"Vincent Square, Westminster",5659,5598,61
"Vincent Street, Pimlico",8775,8920,-145
"Walmer Road, Avondale",4039,4095,-56
"Walnut Tree Walk, Vauxhall",8428,9538,-1110
"Walworth Road, Elephant & Castle",17462,16733,729
"Wandsworth Rd, Isley Court, Wandsworth Road",9962,10545,-583
"Wandsworth Town Station, Wandsworth",12964,12348,616
"Wapping High Street, Wapping",7690,7717,-27
"Wapping Lane, Wapping",13782,14016,-234
"Wardour Street, Soho",21730,20809,921
"Warren Street Station, Euston",17854,18523,-669
"Warwick Avenue Station, Maida Vale",13965,14699,-734
"Warwick Road, Olympia",10017,9838,179
"Warwick Square, Pimlico",10619,12242,-1623
"Waterloo Bridge, South Bank",8887,8563,324
"Waterloo Place, St. James's",19570,17245,2325
"Waterloo Road, South Bank",11528,11377,151
"Waterloo Station 1, Waterloo",61887,65353,-3466
"Waterloo Station 2, Waterloo",24990,37281,-12291
"Waterloo Station 3, Waterloo",74256,77287,-3031
"Watney Market, Stepney",9278,9687,-409
"Watney Street, Shadwell",15289,16399,-1110
"Webber Street , Southwark",10193,11302,-1109
"Wellington Arch, Hyde Park",45309,44970,339
"Wellington Road, St. John's Wood",7052,7951,-899
"Wellington Row, Bethnal Green",11343,12665,-1322
"Wellington Street , Strand",26768,24337,2431
"Wells Street, Fitzrovia",17810,17146,664
"Wendon Street, Old Ford",6415,6695,-280
"Wenlock Road , Hoxton",13083,16086,-3003
"West Cromwell Road, Earl's Court",8165,8366,-201
"West Kensington Station, West Kensington",7362,7588,-226
"West Smithfield Rotunda, Farringdon",20091,19543,548
"Westbourne Grove, Bayswater",12047,12574,-527
"Westbourne Park Road, Portobello",7152,7585,-433
"Westbridge Road, Battersea",18316,19034,-718
"Westferry DLR, Limehouse",16801,14342,2459
"Westfield Southern Terrace ,Shepherd's Bush",6982,6210,772
"Westminster Bridge Road, Elephant & Castle",3717,4019,-302
"Westminster University, Marylebone",9142,9168,-26
"Whiston Road, Haggerston",7349,9099,-1750
"Whitehall Place, Strand",34220,31346,2874
"William IV Street, Strand",31196,25531,5665
"William Morris Way, Sands End",10927,10842,85
"Windsor Terrace, Hoxton",11542,14300,-2758
"Winsland Street, Paddington",16331,17219,-888
"Wood Street, Guildhall",9891,9496,395
"Woodstock Grove, Shepherd's Bush",16898,16422,476
"Woodstock Street, Mayfair",7431,7283,148
"World's End Place, West Chelsea",10495,10586,-91
"Wormwood Street, Liverpool Street",47734,45164,2570
"Wren Street, Holborn",16611,17638,-1027
"Wright's Lane, Kensington",18030,17422,608
"York Hall, Bethnal Green",15086,15581,-495
"York Way, Kings Cross",7190,8369,-1179
"Bishop's Avenue, Fulham",10235,9929,306
"Bradmead, Battersea Park",4711,5175,-464
"Charlbert Street, St. John's Wood",6061,6945,-884
"Fisherman's Walk West, Canary Wharf",9784,9731,53
"Freston Road, Avondale",4043,4015,28
"Fulham Park Road, Fulham",8523,8914,-391
"Gloucester Road (Central), South Kensington",8976,9005,-29
"Grenfell Road, Avondale",4026,4055,-29
"Gwendwr Road, West Kensington",5909,6164,-255
"King Edward Street, St Pauls",8352,8427,-75
"Little Brook Green, Brook Green",7363,6971,392
"South Audley Street, Mayfair",5293,4842,451
"Spencer Park, Wandsworth Common",2534,2824,-290
"St Martins Close, Camden Town",4587,5400,-813
"St. Mark's Road, North Kensington",8963,8930,33
"The Vale, Chelsea",14421,14334,87
"Westfield Ariel Way, White City",8595,7837,758
"Westfield Library Corner, Shepherd's Bush",9347,9033,314
"Ackroyd Drive, Bow",6045,6764,-719
"Albert Gardens, Stepney",9476,10330,-854
"Alpha Grove, Millwall",3263,3131,132
"Antill Road, Mile End",7832,8707,-875
"Aylward Street, Stepney",6569,7652,-1083
"Bromley High Street, Bow",4381,4428,-47
"Cadogan Close, Victoria Park",15071,15256,-185
"Canton Street, Poplar",3794,3981,-187
"Castalia Square, Cubitt Town",687,622,65
"Chrisp Street Market, Poplar",5420,5262,158
"Copper Box Arena, Queen Elizabeth Olympic Park",3303,3234,69
"Devons Road, Bow",7093,7276,-183
"Driffield Road, Old Ford",11662,12059,-397
"East Ferry Road, Cubitt Town",3124,2935,189
"East Village, Queen Elizabeth Olympic Park",11775,11559,216
"Gunmakers Lane, Old Ford",11247,11745,-498
"Here East South, Queen Elizabeth Olympic Park",4499,4286,213
"Hermitage Court, Wapping",8511,9193,-682
"Heron Quays DLR, Canary Wharf",5185,5075,110
"Lindfield Street, Poplar",7586,7749,-163
"Merchant Street, Bow",5120,5631,-511
"Mile End Park Leisure Centre, Mile End",7970,8653,-683
"Mile End Stadium, Mile End",10027,10670,-643
"Millharbour, Millwall",2085,2008,77
"Monier Road, Hackney Wick",13537,13511,26
"Naval Row, Blackwall",4173,4112,61
"New Inn Yard, Shoreditch",18604,17892,712
"Newby Place, Poplar",3597,3435,162
"Pennington Street, Wapping",4980,5734,-754
"Podium, Queen Elizabeth Olympic Park",17380,17016,364
"Preston's Road, Cubitt Town",3003,2961,42
"Rectory Square, Stepney",5858,6612,-754
"South Quay East, Canary Wharf",857,752,105
"Stainsby Road , Poplar",6211,6624,-413
"Stratford Station, Stratford",11339,10987,352
"Twig Folly Bridge, Mile End",12263,13320,-1057
"Westferry Circus, Canary Wharf",15404,14682,722
"Aintree Street, Fulham",10431,11009,-578
"Alma Road, Wandsworth",3030,4106,-1076
"Barons Court Station, West Kensington",15487,16626,-1139
"Disraeli Road, Putney",6134,5657,477
"Finlay Street, Fulham",11459,11661,-202
"Ford Road, Old Ford",7741,8128,-387
"Goswell Road (City Uni), Finsbury",6877,7972,-1095
"Nevern Place, Earl's Court",7121,7750,-629
"Oxford Road, Putney",3464,3350,114
"Parsons Green Station, Parsons Green",19718,20281,-563
"Putney Pier, Wandsworth",10598,9690,908
"Queensbridge Road, Haggerston",6624,8246,-1622
"Rainville Road, Hammersmith",11014,11162,-148
"South Park, Sands End",11547,12037,-490
"Blythe Road West, Shepherd's Bush",5302,5526,-224
"Hansard Mews, Holland Park",7177,6593,584
"Humbolt Road, Fulham",8790,9481,-691
"Manbre Road, Hammersmith",5197,5438,-241
"Russell Gardens, Olympia",4225,4383,-158
"Timber Lodge, Queen Elizabeth Olympic Park",11560,11660,-100
"Lee Valley VeloPark, Queen Elizabeth Olympic Park",11111,11258,-147
"Thurtle road, Haggerston",4846,6398,-1552
"Hampstead Road (Cartmel), Euston",3710,4433,-723
"Jubilee Crescent, Cubitt Town",2686,2675,11
